200
0.595348 0.931588
1.360266 0.908783
-0.519849 0.061899
0.356086 1.296143
-0.676470 0.601007
-0.777705 1.236742
0.897966 0.821105
0.901458 0.468931
0.080437 1.091805
1.238635 1.185483
-1.209327 0.896870
-0.753466 0.621719
-0.271034 1.238692
-0.961724 0.258314
0.433622 0.478536
1.371258 0.287174
0.423298 0.279213
0.162521 0.630804
0.528310 1.357385
0.346838 1.119608
-1.052368 1.215105
1.053179 0.417365
-0.905336 1.404477
0.273487 1.442851
0.914963 0.685448
-1.010331 1.365173
0.072998 0.664812
-0.889549 1.251838
0.212628 0.654373
-1.450739 1.121916
0.397325 0.558012
0.347512 1.001888
-0.168668 1.091044
-1.085335 0.598839
1.051775 0.550786
1.217216 0.894641
0.964382 0.694654
0.103189 0.325586
0.371826 0.041391
-1.102977 0.244672
-0.986165 0.092168
0.941685 0.568317
-0.397947 0.071342
-0.099396 1.385737
-1.109707 0.811549
1.361512 0.857585
0.472142 1.354589
0.607512 0.450642
-0.256947 1.208204
1.337708 0.947450
-0.697138 1.489407
0.630427 0.233736
-0.992661 1.397372
-1.453378 1.102333
0.903726 0.593229
0.469216 1.219987
0.405321 1.120208
-0.433798 1.483070
1.274062 0.975653
-1.348990 0.739642
-0.712340 0.346278
0.193168 0.778675
-0.130795 0.339865
1.305525 0.582456
0.452284 0.790213
-0.798718 0.605275
0.943529 0.877705
0.874841 1.280464
1.327107 0.895249
-0.385054 0.068715
0.232050 1.498619
1.406865 0.643284
0.153437 1.211395
0.322328 1.262313
-1.017700 0.807715
0.631686 1.004946
-0.443245 1.470947
-0.397744 0.346252
1.098208 1.323183
-1.229950 0.016213
0.641622 1.039106
-0.110921 0.730080
0.907694 1.298287
-0.226829 0.191397
1.497394 1.292414
0.849729 1.254831
-0.184296 1.388180
1.443095 0.793637
-0.248499 1.352755
-1.402807 1.146216
0.854398 1.276770
-1.367164 0.517638
-0.443021 1.479645
0.614619 0.885400
-0.107784 0.753877
0.475507 0.803847
0.150994 0.298557
0.714274 1.018824
-0.986471 0.607904
0.341655 1.493051
0.871060 0.918008
0.105569 1.303578
-0.669387 0.574269
-0.025963 0.405387
1.265688 0.863139
-0.603625 1.459790
0.239649 0.954828
0.999027 1.302742
-0.313832 1.128533
1.101843 0.676532
-0.117532 1.398514
0.763907 0.568526
0.496213 1.028000
-0.015042 0.892714
1.325770 1.208448
0.199233 1.313813
-1.213821 1.394055
-0.696975 1.249462
-0.280469 1.415729
-0.844495 0.493826
-0.771414 0.054842
-1.215666 1.485452
1.446309 0.235162
0.413366 1.493743
0.461644 1.391217
-0.090809 0.921698
1.023182 0.893146
-0.683460 0.017834
0.137528 0.651747
-0.180435 1.057265
1.268023 0.192949
-0.273273 0.990878
-1.477912 0.078334
-0.068455 0.672404
0.991842 0.057630
-1.250319 0.055877
0.282746 0.270225
-0.925162 1.210580
1.228906 0.665809
0.431687 0.127029
-0.148726 0.589116
-1.266472 0.085892
0.766359 0.170551
-0.624351 0.331959
-0.501817 0.783112
0.712305 0.937357
0.485062 0.866571
-1.023977 0.052182
-0.994557 0.882249
-0.697605 1.226548
0.773365 1.046020
0.721791 1.145784
-1.425758 1.293335
0.771396 0.450071
1.025541 0.158058
0.766722 0.811316
0.354519 0.896835
-1.248744 0.613363
-1.013410 0.262482
0.716113 0.926871
0.732972 0.323531
-0.151407 0.987296
0.455142 0.642607
1.329249 0.073333
-0.733723 1.463698
-0.448408 0.044074
-0.393838 0.817669
-0.413214 0.825791
-0.103775 0.636528
1.257684 1.343903
-1.054805 0.569954
1.322288 0.772090
-1.166506 0.222536
0.996237 1.018920
0.655858 0.976913
-0.632877 0.592508
-0.753212 0.936684
-0.829526 0.875869
0.852298 0.313475
-0.092047 1.409550
0.644051 0.294948
-0.607170 0.014001
0.998339 0.064816
0.506020 1.491828
-1.417526 0.702087
0.237977 0.729690
0.505034 0.664789
0.977463 1.271034
1.094020 0.963309
1.487731 0.354246
1.268343 1.450283
0.083868 0.505962
-0.036814 0.897613
-0.807939 1.046407
-1.341349 0.196715
0.732288 0.302590
0.743709 1.105506
-1.379587 0.935999
0.223852 1.474912
-0.866067 0.574193
